15710.09   1.02754461  -0.00000000
15288.93   1.02754461  -0.00000000
14879.06   1.02754461   0.00000000
14480.18   1.02754461   0.00000000
14091.99   1.02754461  -0.00000000
13714.20   1.02754461  -0.00000000
13346.55   1.02754461  -0.00000000
12988.75   1.02754461  -0.00000000
12640.55   1.02754461   0.00000000
12301.68   1.02754461   0.00000000
11971.89   1.02754461  -0.00000000
11650.94   1.02754461  -0.00000000
11338.60   1.02754461   0.00000000
11034.63   1.02754461  -0.00000000
10738.81   1.02754461  -0.00000000
10450.92   1.02754461   0.00000000
10170.74   1.02754461  -0.00000000
9898.08   1.02754461  -0.00000000
9632.73   1.02754461   0.00000000
9374.49   1.02754461  -0.00000000
9123.17   1.02754461  -0.00000000
8878.60   1.02754461   0.00000000
8640.57   1.02754461   0.00000000
8408.93   1.02754461  -0.00000000
8183.50   1.02754461  -0.00000000
