1854.68   0.99648999  -0.00000000
1804.96   0.99648999   0.00000000
1756.58   0.99648999  -0.00000000
1709.48   0.99648999  -0.00000000
1663.66   0.99648999   0.00000000
1619.06   0.99648999   0.00000000
1575.65   0.99648999  -0.00000000
1533.41   0.99648999   0.00000000
1492.30   0.99648999  -0.00000000
1452.30   0.99648999  -0.00000000
1413.36   0.99648999   0.00000000
1375.47   0.99648999   0.00001052
1338.60   0.99570342   0.00016036
1302.71   0.98482202   0.00092262
1267.79   0.93037340   0.00291127
1233.80   0.78420275   0.00578896
1200.73   0.54214316   0.00769936
1168.54   0.28169521   0.00697080
1137.21   0.09938218   0.00422894
1106.72   0.02028808   0.00162457
1077.05   0.00165378   0.00034650
1048.18   0.00000244   0.00002903
1020.08   0.00000000   0.00000004
992.73   0.00000000   0.00000000
966.12   0.00000000   0.00000000
