1854.68   1.02045442   0.00000000
1804.96   1.02045442   0.00000000
1756.58   1.02045442  -0.00000000
1709.48   1.02045443  -0.00000000
1663.66   1.02045443   0.00000000
1619.06   1.02045442   0.00000000
1575.65   1.02045443   0.00000000
1533.41   1.02045442   0.00000055
1492.30   1.02040833   0.00000417
1452.30   1.02011580   0.00002268
1413.36   1.01861760   0.00007002
1375.47   1.01473639   0.00018681
1338.60   1.00465096   0.00044471
1302.71   0.98237920   0.00102794
1267.79   0.93186338   0.00210416
1233.80   0.83737913   0.00356433
1200.73   0.69282554   0.00505781
1168.54   0.50727506   0.00572612
1137.21   0.32912234   0.00521615
1106.72   0.18484517   0.00405344
1077.05   0.08528173   0.00259103
1048.18   0.03315652   0.00134046
1020.08   0.00890972   0.00056334
992.73   0.00192117   0.00016217
966.12   0.00015870   0.00003653
