1854.68   0.99999752  -0.00000000
1804.96   0.99999752   0.00000000
1756.58   0.99999752   0.00000000
1709.48   0.99999752  -0.00000000
1663.66   0.99999752  -0.00000000
1619.06   0.99999752   0.00000000
1575.65   0.99999752   0.00000000
1533.41   0.99999752   0.00000055
1492.30   0.99995142   0.00000598
1452.30   0.99951243   0.00003435
1413.36   0.99723987   0.00013496
1375.47   0.98914395   0.00040127
1338.60   0.96723920   0.00095084
1302.71   0.91996078   0.00185133
1267.79   0.83614744   0.00301808
1233.80   0.71198116   0.00416707
1200.73   0.55668755   0.00490351
1168.54   0.39194777   0.00492772
1137.21   0.24369563   0.00422125
1106.72   0.13101626   0.00306384
1077.05   0.05938553   0.00186334
1048.18   0.02192953   0.00093241
1020.08   0.00626228   0.00037281
992.73   0.00125851   0.00011339
966.12   0.00014395   0.00002391
