1854.68   0.99685510  -0.00000000
1804.96   0.99685510   0.00000039
1756.58   0.99681698   0.00002683
1709.48   0.99429322   0.00027043
1663.66   0.97168845   0.00121273
1619.06   0.88462800   0.00315207
1575.65   0.69429333   0.00528783
1533.41   0.43175505   0.00598941
1492.30   0.19508499   0.00461553
1452.30   0.05737007   0.00235690
1413.36   0.00903209   0.00074102
1375.47   0.00044195   0.00012081
1338.60   0.00000000   0.00000607
1302.71   0.00000000   0.00000000
1267.79   0.00000000   0.00000000
1233.80   0.00000000   0.00000000
1200.73   0.00000000   0.00000000
1168.54   0.00000000   0.00000000
1137.21   0.00000000   0.00000000
1106.72   0.00000000   0.00000000
1077.05   0.00000000   0.00000000
1048.18   0.00000000   0.00000000
1020.08   0.00000000   0.00000000
992.73   0.00000000   0.00000000
966.12   0.00000000   0.00000000
