1854.68   0.99859323   0.00005772
1804.96   0.99395561   0.00018716
1756.58   0.98023150   0.00048192
1709.48   0.94794296   0.00101801
1663.66   0.88563921   0.00180062
1619.06   0.78511614   0.00270148
1575.65   0.64789788   0.00346459
1533.41   0.48839326   0.00381218
1492.30   0.33015854   0.00359941
1452.30   0.19643002   0.00290639
1413.36   0.10072874   0.00199218
1375.47   0.04338358   0.00114478
1338.60   0.01514032   0.00054063
1302.71   0.00404731   0.00020328
1267.79   0.00074647   0.00005767
1233.80   0.00007333   0.00001113
1200.73   0.00000000   0.00000112
1168.54   0.00000000   0.00000000
1137.21   0.00000000   0.00000000
1106.72   0.00000000   0.00000000
1077.05   0.00000000   0.00000000
1048.18   0.00000000   0.00000000
1020.08   0.00000000   0.00000000
992.73   0.00000000   0.00000000
966.12   0.00000000   0.00000000
