1854.68   1.02748409   0.00000660
1804.96   1.02687964   0.00003828
1756.58   1.02372819   0.00014967
1709.48   1.01258973   0.00043752
1663.66   0.98307423   0.00100938
1619.06   0.92131312   0.00189594
1575.65   0.81622414   0.00295442
1533.41   0.66828314   0.00386133
1492.30   0.49438859   0.00425443
1452.30   0.32318890   0.00395254
1413.36   0.18237623   0.00308176
1375.47   0.08643701   0.00199569
1338.60   0.03316979   0.00105407
1302.71   0.00974259   0.00044056
1267.79   0.00197408   0.00013828
1233.80   0.00021378   0.00002944
1200.73   0.00000000   0.00000328
1168.54   0.00000000   0.00000000
1137.21   0.00000000   0.00000000
1106.72   0.00000000   0.00000000
1077.05   0.00000000   0.00000000
1048.18   0.00000000   0.00000000
1020.08   0.00000000   0.00000000
992.73   0.00000000   0.00000000
966.12   0.00000000   0.00000000
