1854.68   1.01950977   0.00003205
1804.96   1.01705904   0.00009054
1756.58   1.01062721   0.00022300
1709.48   0.99576756   0.00049234
1663.66   0.96487923   0.00109887
1619.06   0.89639835   0.00210097
1575.65   0.77998548   0.00328177
1533.41   0.61533310   0.00418305
1492.30   0.43133482   0.00429655
1452.30   0.26682185   0.00369675
1413.36   0.13951417   0.00266340
1375.47   0.06220965   0.00156943
1338.60   0.02217709   0.00077699
1302.71   0.00567573   0.00029703
1267.79   0.00114459   0.00008130
1233.80   0.00007333   0.00001707
1200.73   0.00000000   0.00000112
1168.54   0.00000000   0.00000000
1137.21   0.00000000   0.00000000
1106.72   0.00000000   0.00000000
1077.05   0.00000000   0.00000000
1048.18   0.00000000   0.00000000
1020.08   0.00000000   0.00000000
992.73   0.00000000   0.00000000
966.12   0.00000000   0.00000000
