1854.68   0.00000000   0.00000000
1804.96   0.00000000   0.00000063
1756.58  -0.00006186   0.00003020
1709.48  -0.00288337   0.00028207
1663.66  -0.02627197   0.00122997
1619.06  -0.11410714   0.00316377
1575.65  -0.30469629   0.00529231
1533.41  -0.56736395   0.00599153
1492.30  -0.80408112   0.00460709
1452.30  -0.94106369   0.00233252
1413.36  -0.98820982   0.00071701
1375.47  -0.99614700   0.00011075
1338.60  -0.99648999   0.00000471
1302.71  -0.99648999  -0.00000000
1267.79  -0.99648999  -0.00000000
1233.80  -0.99648999  -0.00000000
1200.73  -0.99648999  -0.00000000
1168.54  -0.99648999   0.00000000
1137.21  -0.99648999   0.00000000
1106.72  -0.99648999   0.00000000
1077.05  -0.99648999  -0.00000000
1048.18  -0.99648999  -0.00000000
1020.08  -0.99648999   0.00000000
992.73  -0.99648999   0.00000000
966.12  -0.99648999  -0.00000000
