1854.68   0.00000000   0.00000000
1804.96   0.00000000   0.00000039
1756.58  -0.00003812   0.00002683
1709.48  -0.00256188   0.00027043
1663.66  -0.02516665   0.00121273
1619.06  -0.11222710   0.00315207
1575.65  -0.30256177   0.00528783
1533.41  -0.56510004   0.00598941
1492.30  -0.80177011   0.00461553
1452.30  -0.93948503   0.00235690
1413.36  -0.98782300   0.00074102
1375.47  -0.99641315   0.00012081
1338.60  -0.99685510   0.00000607
1302.71  -0.99685510  -0.00000000
1267.79  -0.99685510  -0.00000000
1233.80  -0.99685510  -0.00000000
1200.73  -0.99685510  -0.00000000
1168.54  -0.99685510   0.00000000
1137.21  -0.99685510   0.00000000
1106.72  -0.99685510   0.00000000
1077.05  -0.99685510  -0.00000000
1048.18  -0.99685510  -0.00000000
1020.08  -0.99685510   0.00000000
992.73  -0.99685510   0.00000000
966.12  -0.99685510  -0.00000000
