1854.68  -0.00140429   0.00005772
1804.96  -0.00604191   0.00018716
1756.58  -0.01976602   0.00048192
1709.48  -0.05205456   0.00101801
1663.66  -0.11435831   0.00180062
1619.06  -0.21488138   0.00270148
1575.65  -0.35209964   0.00346459
1533.41  -0.51160426   0.00381218
1492.30  -0.66983898   0.00359941
1452.30  -0.80356750   0.00290639
1413.36  -0.89926878   0.00199218
1375.47  -0.95661394   0.00114478
1338.60  -0.98485719   0.00054063
1302.71  -0.99595021   0.00020328
1267.79  -0.99925105   0.00005767
1233.80  -0.99992419   0.00001113
1200.73  -0.99999752   0.00000112
1168.54  -0.99999752   0.00000000
1137.21  -0.99999752   0.00000000
1106.72  -0.99999752   0.00000000
1077.05  -0.99999752  -0.00000000
1048.18  -0.99999752  -0.00000000
1020.08  -0.99999752   0.00000000
992.73  -0.99999752   0.00000000
966.12  -0.99999752  -0.00000000
