1854.68   0.00000000   0.00000000
1804.96   0.00000000   0.00000000
1756.58   0.00000000   0.00000000
1709.48   0.00000000   0.00000000
1663.66   0.00000000   0.00000000
1619.06   0.00000000   0.00000000
1575.65   0.00000000   0.00000000
1533.41   0.00000000   0.00000055
1492.30  -0.00004609   0.00000598
1452.30  -0.00048509   0.00003435
1413.36  -0.00275765   0.00013496
1375.47  -0.01085357   0.00040127
1338.60  -0.03275832   0.00095084
1302.71  -0.08003674   0.00185133
1267.79  -0.16385008   0.00301808
1233.80  -0.28801636   0.00416707
1200.73  -0.44330997   0.00490351
1168.54  -0.60804975   0.00492772
1137.21  -0.75630189   0.00422125
1106.72  -0.86898126   0.00306384
1077.05  -0.94061199   0.00186334
1048.18  -0.97806799   0.00093241
1020.08  -0.99373524   0.00037281
992.73  -0.99873901   0.00011339
966.12  -0.99985357   0.00002391
