1854.68   0.00000000   0.00000000
1804.96   0.00000000   0.00000000
1756.58   0.00000000   0.00000000
1709.48   0.00000000   0.00000000
1663.66   0.00000000   0.00000000
1619.06   0.00000000   0.00000000
1575.65   0.00000000   0.00000032
1533.41  -0.00002748   0.00000370
1492.30  -0.00030824   0.00002239
1452.30  -0.00184398   0.00009244
1413.36  -0.00760518   0.00028823
1375.47  -0.02398716   0.00071613
1338.60  -0.06114596   0.00146305
1302.71  -0.13043835   0.00250669
1267.79  -0.23864345   0.00364667
1233.80  -0.38173497   0.00453743
1200.73  -0.54294178   0.00484476
1168.54  -0.69793402   0.00443793
1137.21  -0.82482384   0.00347446
1106.72  -0.91270361   0.00230669
1077.05  -0.96358570   0.00128175
1048.18  -0.98774226   0.00058396
1020.08  -0.99685649   0.00021110
992.73  -0.99944686   0.00005728
966.12  -0.99994714   0.00001049
