1854.68   0.00000000   0.00000000
1804.96   0.00000000   0.00000000
1756.58   0.00000000   0.00000000
1709.48   0.00000000   0.00000000
1663.66   0.00000000   0.00000000
1619.06   0.00000000   0.00000000
1575.65   0.00000000   0.00000000
1533.41   0.00000000   0.00000000
1492.30   0.00000000   0.00000000
1452.30   0.00000000   0.00000000
1413.36   0.00000000   0.00000000
1375.47   0.00000000   0.00000875
1338.60  -0.00065414   0.00015057
1302.71  -0.01095580   0.00090203
1267.79  -0.06452647   0.00289152
1233.80  -0.21021434   0.00578001
1200.73  -0.45215676   0.00769515
1168.54  -0.71244750   0.00697356
1137.21  -0.89509333   0.00425236
1106.72  -0.97530188   0.00165918
1077.05  -0.99490401   0.00036794
1048.18  -0.99684270   0.00003424
1020.08  -0.99685510   0.00000022
992.73  -0.99685510   0.00000000
966.12  -0.99685510  -0.00000000
