144.40   1.03095181  -0.00000000
140.05   1.03095181  -0.00000000
135.82   1.03095181   0.00000000
131.73   1.03095181   0.00000000
127.76   1.03095181  -0.00000000
123.90   1.03095181  -0.00000000
120.17   1.03095181   0.00000118
116.54   1.03094313   0.00001532
113.03   1.03084247   0.00010542
109.62   1.03021332   0.00049767
106.32   1.02750117   0.00177899
103.11   1.01862947   0.00507040
100.00   0.99548101   0.01186470
 96.98   0.94596196   0.02320475
 94.06   0.85764490   0.03831605
 91.22   0.72522788   0.05366710
 88.47   0.55779819   0.06375180
 85.80   0.37977711   0.06391880
 83.22   0.22188667   0.05352757
 80.71   0.10695709   0.03676816
 78.27   0.04013733   0.02010536
 75.91   0.01057076   0.00830606
 73.62   0.00151833   0.00234422
 71.40   0.00000000   0.00034718
 69.25   0.00000000   0.00000000
