144.40   0.97478614  -0.00000000
140.05   0.97478614  -0.00000000
135.82   0.97478614   0.00000000
131.73   0.97478613   0.00000000
127.76   0.97478613  -0.00000000
123.90   0.97478614  -0.00000000
120.17   0.97478614  -0.00000000
116.54   0.97478614   0.00000000
113.03   0.97478614   0.00000091
109.62   0.97477984   0.00007862
106.32   0.97425829   0.00105927
103.11   0.96788246   0.00637830
100.00   0.93397861   0.02246085
 96.98   0.83031692   0.05149922
 94.06   0.62807350   0.08041705
 91.22   0.36704419   0.08615204
 88.47   0.14672818   0.06167412
 85.80   0.03285167   0.02745606
 83.22   0.00243874   0.00644553
 80.71   0.00000000   0.00049336
 78.27   0.00000000   0.00000000
 75.91   0.00000000   0.00000000
 73.62   0.00000000   0.00000000
 71.40   0.00000000   0.00000000
 69.25   0.00000000   0.00000000
