144.40   0.97536023  -0.00000000
140.05   0.97536023  -0.00000000
135.82   0.97536023   0.00000000
131.73   0.97536023   0.00000000
127.76   0.97536023  -0.00000000
123.90   0.97536023  -0.00000000
120.17   0.97536023  -0.00000000
116.54   0.97536023  -0.00000000
113.03   0.97536023   0.00000045
109.62   0.97535714   0.00006843
106.32   0.97490082   0.00100645
103.11   0.96880365   0.00625436
100.00   0.93540383   0.02227139
 96.98   0.83239846   0.05119863
 94.06   0.63128424   0.07994258
 91.22   0.37185907   0.08580573
 88.47   0.15187383   0.06200327
 85.80   0.03588301   0.02829927
 83.22   0.00315308   0.00704028
 80.71   0.00000000   0.00063787
 78.27   0.00000000   0.00000000
 75.91   0.00000000   0.00000000
 73.62   0.00000000   0.00000000
 71.40   0.00000000   0.00000000
 69.25   0.00000000   0.00000000
