144.40   1.01963944   0.00001735
140.05   1.01953523   0.00005274
135.82   1.01918703   0.00009113
131.73   1.01877715   0.00013157
127.76   1.01812556   0.00016086
123.90   1.01751852   0.00012500
120.17   1.01717697   0.00010149
116.54   1.01677155   0.00013593
113.03   1.01620673   0.00040246
109.62   1.01398548   0.00127178
106.32   1.00766809   0.00371291
103.11   0.98980903   0.00848013
100.00   0.95411514   0.01701731
 96.98   0.88558342   0.02917257
 94.06   0.78083021   0.04357387
 91.22   0.63455972   0.05626507
 88.47   0.46646818   0.06093669
 85.80   0.30436309   0.05665170
 83.22   0.16874735   0.04443275
 80.71   0.07789763   0.02889378
 78.27   0.02592195   0.01483638
 75.91   0.00677112   0.00542993
 73.62   0.00067550   0.00150159
 71.40   0.00000000   0.00015446
 69.25   0.00000000   0.00000000
