144.40   0.99984441  -0.00000000
140.05   0.99984441  -0.00000000
135.82   0.99984441   0.00000000
131.73   0.99984441   0.00000000
127.76   0.99984441   0.00000026
123.90   0.99984235   0.00000375
120.17   0.99981592   0.00002837
116.54   0.99963358   0.00014747
113.03   0.99876331   0.00058334
109.62   0.99559533   0.00185076
106.32   0.98633749   0.00485691
103.11   0.96396977   0.01074951
100.00   0.91845316   0.02030997
 96.98   0.83957766   0.03299684
 94.06   0.72245212   0.04625064
 91.22   0.57313343   0.05592648
 88.47   0.40998188   0.05813596
 85.80   0.25811307   0.05156828
 83.22   0.13897583   0.03855116
 80.71   0.06162498   0.02381535
 78.27   0.02125375   0.01178250
 75.91   0.00513895   0.00442591
 73.62   0.00067550   0.00113963
 71.40   0.00000000   0.00015446
 69.25   0.00000000   0.00000000
