1491.53   1.04128366   0.00000000
1432.38   1.04128366  -0.00000000
1375.58   1.04128366  -0.00000000
1321.02   1.04128366   0.00000000
1268.64   1.04128366   0.00000000
1218.33   1.04128366  -0.00000000
1170.01   1.04128366  -0.00000000
1123.61   1.04128366  -0.00000000
1079.05   1.04128366   0.00000000
1036.26   1.04128366   0.00000123
995.17   1.04118042   0.00001268
955.70   1.04026245   0.00006939
917.80   1.03581226   0.00025903
881.40   1.02101731   0.00072846
846.45   0.98383575   0.00162332
812.88   0.90978437   0.00295112
780.64   0.78963811   0.00445270
749.69   0.62839495   0.00562895
719.95   0.44802153   0.00598433
691.40   0.27961452   0.00534284
663.98   0.14897851   0.00397934
637.65   0.06572063   0.00244026
612.36   0.02301339   0.00120519
588.08   0.00597653   0.00046210
564.76   0.00101430   0.00012900
