1491.53   0.99304207   0.00000000
1432.38   0.99304207  -0.00000000
1375.58   0.99304207   0.00000000
1321.02   0.99304207   0.00000000
1268.64   0.99304207  -0.00000000
1218.33   0.99304207  -0.00000000
1170.01   0.99304207  -0.00000000
1123.61   0.99304207  -0.00000000
1079.05   0.99304207   0.00000000
1036.26   0.99304207   0.00000000
995.17   0.99304207   0.00000000
955.70   0.99304207   0.00000343
917.80   0.99277665   0.00008732
881.40   0.98655412   0.00063558
846.45   0.94742682   0.00233599
812.88   0.82648720   0.00522680
780.64   0.60347865   0.00771496
749.69   0.33893887   0.00774242
719.95   0.13359783   0.00525919
691.40   0.03242045   0.00232042
663.98   0.00372219   0.00060168
637.65   0.00007937   0.00007211
612.36   0.00000000   0.00000160
588.08   0.00000000   0.00000000
564.76   0.00000000   0.00000000
