1491.53   1.03077444   0.00000000
1432.38   1.03077444  -0.00000000
1375.58   1.03077444  -0.00000000
1321.02   1.03077444   0.00000000
1268.64   1.03077444   0.00000000
1218.33   1.03077444  -0.00000000
1170.01   1.03077444  -0.00000000
1123.61   1.03077444   0.00000033
1079.05   1.03074417   0.00000267
1036.26   1.03054095   0.00001527
995.17   1.02946321   0.00004977
955.70   1.02653124   0.00014084
917.80   1.01856732   0.00034976
881.40   1.00054460   0.00086951
846.45   0.95652685   0.00184857
812.88   0.87387682   0.00330891
780.64   0.73878464   0.00495079
749.69   0.56101058   0.00590470
719.95   0.38043340   0.00578326
691.40   0.22394928   0.00481044
663.98   0.11118944   0.00332194
637.65   0.04539153   0.00187126
612.36   0.01459577   0.00084972
588.08   0.00326861   0.00029568
564.76   0.00051936   0.00007090
