1491.53   0.99998781   0.00000000
1432.38   0.99998781  -0.00000000
1375.58   0.99998781   0.00000000
1321.02   0.99998781   0.00000000
1268.64   0.99998781  -0.00000000
1218.33   0.99998781  -0.00000000
1170.01   0.99998781   0.00000000
1123.61   0.99998781   0.00000033
1079.05   0.99995754   0.00000381
1036.26   0.99965535   0.00002308
995.17   0.99802115   0.00009575
955.70   0.99194159   0.00030061
917.80   0.97476423   0.00075258
881.40   0.93602657   0.00154943
846.45   0.86421033   0.00267399
812.88   0.75279955   0.00391437
780.64   0.60662616   0.00489333
749.69   0.44356443   0.00523774
719.95   0.28875231   0.00479567
691.40   0.16406180   0.00373807
663.98   0.07952941   0.00245786
637.65   0.03194895   0.00134297
612.36   0.01020603   0.00059558
588.08   0.00242448   0.00020645
564.76   0.00037770   0.00005243
