1491.53   1.03045923   0.00001322
1432.38   1.02913380   0.00004181
1375.58   1.02561073   0.00011523
1321.02   1.01630224   0.00028389
1268.64   0.99525159   0.00070023
1218.33   0.94438987   0.00147329
1170.01   0.84994765   0.00251145
1123.61   0.70652092   0.00360848
1079.05   0.52172829   0.00415646
1036.26   0.34345039   0.00389001
995.17   0.19540739   0.00312956
955.70   0.09133222   0.00206019
917.80   0.03601949   0.00109944
881.40   0.00964616   0.00047517
846.45   0.00211567   0.00013865
812.88   0.00014568   0.00003215
780.64   0.00000000   0.00000231
749.69   0.00000000   0.00000000
719.95   0.00000000   0.00000000
691.40   0.00000000   0.00000000
663.98   0.00000000   0.00000000
637.65   0.00000000   0.00000000
612.36   0.00000000   0.00000000
588.08   0.00000000   0.00000000
564.76   0.00000000   0.00000000
