1491.53   0.99223130   0.00000000
1432.38   0.99223130   0.00000001
1375.58   0.99223000   0.00000728
1321.02   0.99142035   0.00010792
1268.64   0.98068934   0.00062361
1218.33   0.92737718   0.00199697
1170.01   0.78373721   0.00404752
1123.61   0.54402107   0.00549638
1079.05   0.28379914   0.00508058
1036.26   0.10022822   0.00314117
995.17   0.02029607   0.00122440
955.70   0.00159029   0.00026234
917.80   0.00000000   0.00002140
881.40   0.00000000   0.00000000
846.45   0.00000000   0.00000000
812.88   0.00000000   0.00000000
780.64   0.00000000   0.00000000
749.69   0.00000000   0.00000000
719.95   0.00000000   0.00000000
691.40   0.00000000   0.00000000
663.98   0.00000000   0.00000000
637.65   0.00000000   0.00000000
612.36   0.00000000   0.00000000
588.08   0.00000000   0.00000000
564.76   0.00000000   0.00000000
