1491.53   0.99953197   0.00002053
1432.38   0.99746146   0.00008150
1375.58   0.99008156   0.00024724
1321.02   0.96993032   0.00060075
1268.64   0.92583767   0.00120294
1218.33   0.84639091   0.00202033
1170.01   0.72658213   0.00287683
1123.61   0.57391505   0.00349329
1079.05   0.40884059   0.00362325
1036.26   0.25742097   0.00320290
995.17   0.14015912   0.00239754
955.70   0.06427458   0.00150209
917.80   0.02394862   0.00077278
881.40   0.00685857   0.00031656
846.45   0.00136149   0.00009797
812.88   0.00014568   0.00002069
780.64   0.00000000   0.00000231
749.69   0.00000000   0.00000000
719.95   0.00000000   0.00000000
691.40   0.00000000   0.00000000
663.98   0.00000000   0.00000000
637.65   0.00000000   0.00000000
612.36   0.00000000   0.00000000
588.08   0.00000000   0.00000000
564.76   0.00000000   0.00000000
