1491.53   1.04127987   0.00000132
1432.38   1.04112460   0.00001184
1375.58   1.03990717   0.00006077
1321.02   1.03435738   0.00021719
1268.64   1.01668152   0.00058965
1218.33   0.97380128   0.00127318
1170.01   0.89111361   0.00224558
1123.61   0.76111394   0.00328620
1079.05   0.59220813   0.00402280
1036.26   0.40971916   0.00412905
995.17   0.24583453   0.00354238
955.70   0.12434376   0.00251717
917.80   0.05109201   0.00145646
881.40   0.01613228   0.00066656
846.45   0.00353183   0.00022932
812.88   0.00041913   0.00005367
780.64   0.00000000   0.00000663
749.69   0.00000000   0.00000000
719.95   0.00000000   0.00000000
691.40   0.00000000   0.00000000
663.98   0.00000000   0.00000000
637.65   0.00000000   0.00000000
612.36   0.00000000   0.00000000
588.08   0.00000000   0.00000000
564.76   0.00000000   0.00000000
