1491.53   0.99304207   0.00000000
1432.38   0.99304207  -0.00000000
1375.58   0.99304207   0.00000555
1321.02   0.99242397   0.00009814
1268.64   0.98254696   0.00060326
1218.33   0.93047014   0.00197788
1170.01   0.78747721   0.00403826
1123.61   0.54799136   0.00549071
1079.05   0.28805463   0.00508418
1036.26   0.10388437   0.00316923
995.17   0.02219737   0.00126415
955.70   0.00204370   0.00028674
917.80   0.00001363   0.00002751
881.40   0.00000000   0.00000019
846.45   0.00000000   0.00000000
812.88   0.00000000   0.00000000
780.64   0.00000000   0.00000000
749.69   0.00000000   0.00000000
719.95   0.00000000   0.00000000
691.40   0.00000000   0.00000000
663.98   0.00000000   0.00000000
637.65   0.00000000   0.00000000
612.36   0.00000000   0.00000000
588.08   0.00000000   0.00000000
564.76   0.00000000   0.00000000
