1491.53  -0.00045585   0.00002053
1432.38  -0.00252635   0.00008150
1375.58  -0.00990625   0.00024724
1321.02  -0.03005749   0.00060075
1268.64  -0.07415014   0.00120294
1218.33  -0.15359691   0.00202033
1170.01  -0.27340568   0.00287683
1123.61  -0.42607277   0.00349329
1079.05  -0.59114723   0.00362325
1036.26  -0.74256684   0.00320290
995.17  -0.85982869   0.00239754
955.70  -0.93571323   0.00150209
917.80  -0.97603919   0.00077278
881.40  -0.99312924   0.00031656
846.45  -0.99862632   0.00009797
812.88  -0.99984214   0.00002069
780.64  -0.99998781   0.00000231
749.69  -0.99998781  -0.00000000
719.95  -0.99998781  -0.00000000
691.40  -0.99998781  -0.00000000
663.98  -0.99998781   0.00000000
637.65  -0.99998781   0.00000000
612.36  -0.99998781   0.00000000
588.08  -0.99998781   0.00000000
564.76  -0.99998781  -0.00000000
