1491.53   0.00000000   0.00000000
1432.38   0.00000000   0.00000000
1375.58   0.00000000   0.00000555
1321.02  -0.00061811   0.00009814
1268.64  -0.01049511   0.00060326
1218.33  -0.06257193   0.00197788
1170.01  -0.20556487   0.00403826
1123.61  -0.44505071   0.00549071
1079.05  -0.70498744   0.00508418
1036.26  -0.88915770   0.00316923
995.17  -0.97084471   0.00126415
955.70  -0.99099838   0.00028674
917.80  -0.99302845   0.00002751
881.40  -0.99304207   0.00000019
846.45  -0.99304207  -0.00000000
812.88  -0.99304207   0.00000000
780.64  -0.99304207   0.00000000
749.69  -0.99304207  -0.00000000
719.95  -0.99304207  -0.00000000
691.40  -0.99304207  -0.00000000
663.98  -0.99304207   0.00000000
637.65  -0.99304207   0.00000000
612.36  -0.99304207   0.00000000
588.08  -0.99304207   0.00000000
564.76  -0.99304207  -0.00000000
