1491.53   0.00000000   0.00000000
1432.38   0.00000000   0.00000001
1375.58  -0.00000130   0.00000728
1321.02  -0.00081095   0.00010792
1268.64  -0.01154196   0.00062361
1218.33  -0.06485412   0.00199697
1170.01  -0.20849409   0.00404752
1123.61  -0.44821023   0.00549638
1079.05  -0.70843216   0.00508058
1036.26  -0.89200308   0.00314117
995.17  -0.97193523   0.00122440
955.70  -0.99064101   0.00026234
917.80  -0.99223130   0.00002140
881.40  -0.99223130   0.00000000
846.45  -0.99223130  -0.00000000
812.88  -0.99223130   0.00000000
780.64  -0.99223130   0.00000000
749.69  -0.99223130  -0.00000000
719.95  -0.99223130  -0.00000000
691.40  -0.99223130  -0.00000000
663.98  -0.99223130  -0.00000000
637.65  -0.99223130   0.00000000
612.36  -0.99223130   0.00000000
588.08  -0.99223130   0.00000000
564.76  -0.99223130  -0.00000000
