1491.53   0.00000000   0.00000000
1432.38   0.00000000   0.00000000
1375.58   0.00000000   0.00000000
1321.02   0.00000000   0.00000000
1268.64   0.00000000   0.00000000
1218.33   0.00000000   0.00000000
1170.01   0.00000000   0.00000000
1123.61   0.00000000   0.00000000
1079.05   0.00000000   0.00000000
1036.26   0.00000000   0.00000000
995.17   0.00000000   0.00000000
955.70   0.00000000   0.00000488
917.80  -0.00037755   0.00009817
881.40  -0.00729384   0.00066254
846.45  -0.04765090   0.00236568
812.88  -0.16939479   0.00524291
780.64  -0.39265929   0.00772427
749.69  -0.65753190   0.00774288
719.95  -0.86256857   0.00522593
691.40  -0.96211199   0.00226175
663.98  -0.98916061   0.00055976
637.65  -0.99219957   0.00005949
612.36  -0.99223130   0.00000064
588.08  -0.99223130   0.00000000
564.76  -0.99223130  -0.00000000
