1491.53   0.00000000   0.00000000
1432.38   0.00000000   0.00000000
1375.58   0.00000000   0.00000000
1321.02   0.00000000   0.00000000
1268.64   0.00000000   0.00000000
1218.33   0.00000000   0.00000000
1170.01   0.00000000   0.00000000
1123.61   0.00000000   0.00000033
1079.05  -0.00003028   0.00000381
1036.26  -0.00033246   0.00002308
995.17  -0.00196667   0.00009575
955.70  -0.00804622   0.00030061
917.80  -0.02522358   0.00075258
881.40  -0.06396125   0.00154943
846.45  -0.13577748   0.00267399
812.88  -0.24718826   0.00391437
780.64  -0.39336165   0.00489333
749.69  -0.55642339   0.00523774
719.95  -0.71123551   0.00479567
691.40  -0.83592601   0.00373807
663.98  -0.92045840   0.00245786
637.65  -0.96803886   0.00134297
612.36  -0.98978178   0.00059558
588.08  -0.99756333   0.00020645
564.76  -0.99961012   0.00005243
