173.52   1.04685624   0.00000000
165.73   1.04685624  -0.00000000
158.29   1.04685624  -0.00000000
151.19   1.04685624   0.00000000
144.40   1.04685624   0.00000000
137.92   1.04685624  -0.00000000
131.73   1.04685624   0.00000342
125.81   1.04681490   0.00003795
120.17   1.04641751   0.00022901
114.77   1.04428620   0.00094971
109.62   1.03640166   0.00298416
104.70   1.01422735   0.00745765
100.00   0.96465419   0.01524743
 95.51   0.87412150   0.02592416
 91.22   0.73713449   0.03698026
 87.13   0.56413773   0.04439377
 83.22   0.38171139   0.04475362
 79.48   0.22191697   0.03760077
 75.91   0.10709307   0.02594866
 72.51   0.04090751   0.01435603
 69.25   0.01144552   0.00611137
 66.14   0.00201828   0.00186063
 63.17   0.00013704   0.00034768
 60.34   0.00000000   0.00002472
 57.63   0.00000000   0.00000000
