173.52   0.97536023  -0.00000000
165.73   0.97536023  -0.00000000
158.29   0.97536023   0.00000000
151.19   0.97536023   0.00000000
144.40   0.97536023  -0.00000000
137.92   0.97536023  -0.00000000
131.73   0.97536023   0.00000000
125.81   0.97536023  -0.00000000
120.17   0.97536023   0.00001200
114.77   0.97522773   0.00034066
109.62   0.97176762   0.00279192
104.70   0.94710526   0.01165704
100.00   0.85961924   0.02979669
 95.51   0.67330898   0.05043859
 91.22   0.41695215   0.05822889
 87.13   0.18521047   0.04563584
 83.22   0.05158486   0.02331767
 79.48   0.00690553   0.00704148
 75.91   0.00015722   0.00098994
 72.51   0.00000000   0.00002359
 69.25   0.00000000   0.00000000
 66.14   0.00000000   0.00000000
 63.17   0.00000000   0.00000000
 60.34   0.00000000   0.00000000
 57.63   0.00000000   0.00000000
