173.52   0.97422684   0.00000000
165.73   0.97422684  -0.00000000
158.29   0.97422684   0.00000000
151.19   0.97422684   0.00000000
144.40   0.97422684  -0.00000000
137.92   0.97422684  -0.00000000
131.73   0.97422684   0.00000000
125.81   0.97422684  -0.00000000
120.17   0.97422684   0.00001730
114.77   0.97403586   0.00038381
109.62   0.97017907   0.00291758
104.70   0.94464763   0.01184305
100.00   0.85624110   0.03000029
 95.51   0.66898053   0.05071280
 91.22   0.41116750   0.05847776
 87.13   0.17879588   0.04546514
 83.22   0.04716692   0.02266930
 79.48   0.00544889   0.00645165
 75.91   0.00004708   0.00078113
 72.51   0.00000000   0.00000706
 69.25   0.00000000   0.00000000
 66.14   0.00000000   0.00000000
 63.17   0.00000000   0.00000000
 60.34   0.00000000   0.00000000
 57.63   0.00000000   0.00000000
