173.52   1.03499084   0.00004786
165.73   1.03451956   0.00007242
158.29   1.03388805   0.00009426
151.19   1.03314854   0.00007283
144.40   1.03287627   0.00002131
137.92   1.03286581   0.00001836
131.73   1.03264366   0.00007122
125.81   1.03200377   0.00026603
120.17   1.02956818   0.00085467
114.77   1.02256664   0.00202296
109.62   1.00823364   0.00511507
104.70   0.97104358   0.01063598
100.00   0.90590851   0.01893077
 95.51   0.79709219   0.02944828
 91.22   0.64745992   0.03834470
 87.13   0.47567114   0.04294176
 83.22   0.30366190   0.04009838
 79.48   0.16904797   0.03110755
 75.91   0.07646701   0.02040188
 72.51   0.02673102   0.01044473
 69.25   0.00687880   0.00403830
 66.14   0.00103363   0.00112284
 63.17   0.00005443   0.00017806
 60.34   0.00000000   0.00000982
 57.63   0.00000000   0.00000000
