173.52   0.99984441  -0.00000000
165.73   0.99984441  -0.00000000
158.29   0.99984441   0.00000000
151.19   0.99984441   0.00000000
144.40   0.99984441   0.00000079
137.92   0.99983395   0.00000976
131.73   0.99972076   0.00006528
125.81   0.99904375   0.00030103
120.17   0.99624060   0.00105649
114.77   0.98737823   0.00296794
109.62   0.96494021   0.00687697
104.70   0.91810794   0.01338677
100.00   0.83615065   0.02214178
 95.51   0.71465118   0.03131278
 91.22   0.56133849   0.03794532
 87.13   0.39657789   0.03934294
 83.22   0.24635315   0.03471299
 79.48   0.13113553   0.02580308
 75.91   0.05789959   0.01589654
 72.51   0.02024639   0.00791049
 69.25   0.00519554   0.00304916
 66.14   0.00084334   0.00084589
 63.17   0.00005443   0.00014528
 60.34   0.00000000   0.00000982
 57.63   0.00000000   0.00000000
