142.26   1.03983610   0.00000008
136.80   1.03983526   0.00000112
131.54   1.03982412   0.00000884
126.49   1.03974421   0.00004811
121.63   1.03934740   0.00020001
116.96   1.03783821   0.00067018
112.47   1.03320606   0.00186960
108.15   1.02136349   0.00443491
103.99   0.99562629   0.00907373
100.00   0.94742783   0.01616769
 96.16   0.86894445   0.02524866
 92.47   0.75718741   0.03469014
 88.91   0.61760052   0.04200022
 85.50   0.46456245   0.04479158
 82.21   0.31750927   0.04197318
 79.06   0.19415067   0.03439740
 76.02   0.10441302   0.02446926
 73.10   0.04838100   0.01494453
 70.29   0.01880304   0.00771210
