142.26   0.97537419   0.00000000
136.80   0.97537419   0.00000000
131.54   0.97537419  -0.00000000
126.49   0.97537419  -0.00000000
121.63   0.97537419   0.00000241
116.96   0.97535124   0.00007332
112.47   0.97470231   0.00072975
108.15   0.96892074   0.00385223
103.99   0.94205998   0.01287222
100.00   0.86403380   0.02966760
 96.16   0.70959963   0.04932193
 92.47   0.49240907   0.06037919
 88.91   0.27212829   0.05457548
 85.50   0.11216943   0.03590714
 82.21   0.03156038   0.01660327
 79.06   0.00520306   0.00503777
 76.02   0.00035076   0.00087327
 73.10   0.00000080   0.00006123
 70.29   0.00000000   0.00000014
