142.26   0.97427049   0.00000000
136.80   0.97427049   0.00000000
131.54   0.97427049  -0.00000000
126.49   0.97427049   0.00000001
121.63   0.97427035   0.00000414
116.96   0.97423100   0.00009089
112.47   0.97343749   0.00080191
108.15   0.96716464   0.00400748
103.99   0.93947964   0.01307010
100.00   0.86066529   0.02986361
 96.16   0.70548348   0.04957168
 92.47   0.48715877   0.06067211
 88.91   0.26588984   0.05463007
 85.50   0.10653883   0.03547435
 82.21   0.02822151   0.01590306
 79.06   0.00408354   0.00452393
 76.02   0.00019517   0.00068547
 73.10   0.00000000   0.00003407
 70.29   0.00000000   0.00000000
