142.26   1.02822017   0.00007145
136.80   1.02785415   0.00006441
131.54   1.02752989   0.00008309
126.49   1.02699783   0.00019642
121.63   1.02558340   0.00054336
116.96   1.02181992   0.00137870
112.47   1.01294941   0.00314987
108.15   0.99406354   0.00651899
103.99   0.95770995   0.01203402
100.00   0.89600650   0.01971360
 96.16   0.80324418   0.02868982
 92.47   0.67983806   0.03692068
 88.91   0.53573914   0.04198303
 85.50   0.38733289   0.04219131
 82.21   0.25306902   0.03723237
 79.06   0.14746376   0.02869548
 76.02   0.07529692   0.01921972
 73.10   0.03296695   0.01103403
 70.29   0.01208831   0.00533902
