142.26   0.99988329   0.00000252
136.80   0.99985843   0.00001480
131.54   0.99972464   0.00006656
126.49   0.99917245   0.00024178
121.63   0.99732860   0.00073345
116.96   0.99218298   0.00189914
112.47   0.97992544   0.00426061
108.15   0.95463887   0.00836876
103.99   0.90901169   0.01449756
100.00   0.83650813   0.02225868
 96.16   0.73460394   0.03037783
 92.47   0.60762102   0.03689907
 88.91   0.46725544   0.03987821
 85.50   0.32978058   0.03827216
 82.21   0.21084249   0.03249867
 79.06   0.12040825   0.02427757
 76.02   0.06043990   0.01582389
 73.10   0.02614131   0.00889442
 70.29   0.00948805   0.00424063
